Copy:           58128.6     0.028052     0.027525     0.031733
Scale:          30328.9     0.053664     0.052755     0.059567
Add:            35407.5     0.069078     0.067782     0.082355
Triad:          35185.4     0.069641     0.068210     0.082933
